Baseline: 1.0
PSO: 1.0
Best Params (lr, dr, bs): [1.55704107e-03 2.99487213e-01 4.68126825e+01]
